220314_evrazia_10fl_22Mar14_124037:1
-100.3
4.3
0.9
220314_evrazia_10fl_22Mar14_124037:3
-66.6
128.5
32.0
220314_evrazia_10fl_22Mar14_124037:7
-47.6
-1.0
-1.0
220314_evrazia_11fl_22Mar14_124350:1
-99.1
0.7
0.9
220314_evrazia_11fl_22Mar14_124350:3
-70.6
118.5
31.2
220314_evrazia_11fl_22Mar14_124350:7
-50.6
-1.0
-1.0
220314_evrazia_12fl_22Mar14_124628:1
-102.1
2.7
1.0
220314_evrazia_12fl_22Mar14_124628:3
-70.2
79.9
22.7
220314_evrazia_12fl_22Mar14_124628:7
-49.3
-1.0
-1.0
220314_evrazia_13fl_22Mar14_124950:1
-102.9
1.5
0.7
220314_evrazia_13fl_22Mar14_124950:3
-72.7
96.4
27.2
220314_evrazia_13fl_22Mar14_124950:7
-49.6
-1.0
-1.0
220314_evrazia_14fl_22Mar14_125312:1
-98.3
1.8
0.9
220314_evrazia_14fl_22Mar14_125312:3
-72.5
110.0
32.5
220314_evrazia_14fl_22Mar14_125312:7
-49.8
-1.0
-1.0
220314_evrazia_15fl_22Mar14_125606:1
-99.1
2.4
0.6
220314_evrazia_15fl_22Mar14_125606:3
-72.7
123.4
21.9
220314_evrazia_15fl_22Mar14_125606:7
-52.4
-1.0
-1.0
220314_evrazia_16fl_22Mar14_125849:1
-99.2
4.5
0.4
220314_evrazia_16fl_22Mar14_125849:3
-71.9
105.0
21.9
220314_evrazia_16fl_22Mar14_125849:7
-49.9
-1.0
-1.0
220314_evrazia_17fl_22Mar14_130203:1
-100.1
0.8
0.8
220314_evrazia_17fl_22Mar14_130203:3
-72.4
114.3
36.0
220314_evrazia_17fl_22Mar14_130203:7
-51.5
-1.0
-1.0
220314_evrazia_18fl_22Mar14_130457:1
-99.8
-1.0
0.5
220314_evrazia_18fl_22Mar14_130457:3
-72.7
115.5
34.2
220314_evrazia_18fl_22Mar14_130457:7
-50.1
-1.0
-1.0
220314_evrazia_19fl_22Mar14_130759:1
-97.7
0.5
1.1
220314_evrazia_19fl_22Mar14_130759:3
-71.8
117.9
31.0
220314_evrazia_19fl_22Mar14_130759:7
-52.0
-1.0
-1.0
220314_evrazia_20fl_22Mar14_131045:1
-98.7
1.3
0.9
220314_evrazia_20fl_22Mar14_131045:3
-72.4
124.1
28.4
220314_evrazia_20fl_22Mar14_131045:7
-50.1
-1.0
-1.0
